3019
2383
4503
262
8740
4414
3056
8041
2581
623
9262
1364
1595
5854
5649
16449
5694
1481
1204
7335
13174
12999
13493
7146
11280
10207
5470
5631
14250
3884
7277
11615
12678
7195
950
2595
4897
14114
12212
13991
5890
8908
3405
1855
2742
3285
4796
5579
1250
9710
13084
14582
3712
227
13271
15420
1426
16179
10973
12080
15843
15634
7964
6348
4428
1101
7604
3247
10412
14300
251
15239
3241
13830
13977
3298
15205
13995
557
15445
6878
4727
13895
6885
12034
11595
8505
8401
3619
12272
4686
8511
4040
16383
15612
13891
633
324
117
12673
14715
6285
10626
1997
6627
14479
8303
5477
13850
1914
8069
1091
14247
6108
13670
1226
5513
4687
16748
7366
15916
2572
16696
11068
6273
13151
531
12668
15839
9368
6390
16231
11331
12228
2734
8618
4582
12020
7237
3697
8932
13723
11990
1775
7138
16371
9415
14665
3128
9794
10560
467
12419
5074
4678
3162
14952
7692
5119
3931
5945
11175
3177
14384
5451
10584
1122
8135
1615
3977
14411
4906
5291
4832
8837
8597
13968
3051
2080
15155
14763
4374
12947
9934
6535
1846
14438
1860
5921
10434
7417
13305
11891
6593
3883
1208
16958
5993
9838
1353
7730
4857
5851
10817
1003
10518
17044
15625
14959
12782
3137
802
9490
157
16613
13265
2768
2951
15042
17092
3188
13153
7645
5702
3687
14515
11219
8988
16726
10436
12097
5220
7572
9331
15110
7820
1690
14263
8621
10843
4412
13198
7886
2214
17037
9191
14942
798
16929
2412
15665
3324
3888
9560
8259
9858
8315
14434
16617
15008
6531
16903
15884
11984
13103
1636
8934
1517
11719
8254
10055
13395
510
9346
4080
11299
1780
1532
283
4527
14319
10355
6375
15932
12912
504
8206
15243
8355
14783
9253
12329
8218
4867
3642
5485
3706
7775
2348
11501
10577
12247
10184
12546
891
2472
11828
15404
8829
6071
14645
742
5129
6056
11780
13436
1050
4758
4320
8184
3928
724
8267
16990
8631
2038
11091
12969
7173
512
6053
10842
5981
10525
15955
13233
13491
15760
12402
9426
10639
10281
3078
16134
7490
4357
6537
16235
13033
13299
4116
5884
643
6601
8925
12337
14552
597
6210
14305
12622
9559
8615
12456
12473
1309
16368
6954
7889
13889
8174
4210
4763
17070
12267
7378
12866
6984
10059
16878
13370
3558
5514
8435
14262
13949
14391
6833
2764
2611
8186
9001
10245
9739
6417
2438
4143
568
6653
10214
16523
14816
5689
11297
15829
3406
5097
15695
7905
15450
16962
15157
10743
7841
7792
12043
15675
12150
6808
6058
14410
11476
4251
3715
667
3410
4249
12858
1132
10482
2517
4390
9197
14370
15994
15549
16278
3226
8181
5072
884
11239
6481
15545
14
4336
8725
16452
14805
10972
7596
2161
7154
3814
3388
3336
716
7909
11845
6060
13472
5568
11608
10882
6701
5444
9699
2110
3565
15832
10641
9682
13618
2984
12029
9882
2930
6549
12764
7079
12536
11168
3585
7421
9958
11856
5363
1974
14388
11808
6753
10405
1277
11246
12544
5977
7056
5123
14693
12556
14074
6634
16994
7785
199
6916
8945
3611
7522
6480
8016
15731
6999
13799
16339
1239
6134
756
7307
13662
15281
9198
14251
8531
4575
12499
5920
3790
14927
14698
8536
6674
10571
11569
16885
15687
13598
15270
16882
2429
5801
3731
15708
12586
1493
11417
808
6459
11754
11304
10384
11770
14326
11537
937
12902
1988
3617
7830
4419
2716
14946
10873
16892
5698
1051
6633
2416
6727
15052
5589
16577
13453
5034
7844
7949
13947
5798
10243
8299
7281
12786
8961
7315
9718
16252
14227
8714
4082
13397
3464
1370
2018
12639
9100
5711
4836
11585
4544
15094
12221
1924
2263
12361
1323
2445
16592
13035
16197
28
10418
5561
14222
4228
16178
14094
9009
10986
4362
4711
15714
15786
13142
10624
7030
7699
7129
16995
3542
152
14139
5371
9527
11024
14031
2476
12727
15256
7770
4426
5066
411
2680
4977
14973
5709
1639
4495
9730
404
4314
15324
6364
13344
299
13323
16329
8884
2467
778
4561
418
8173
8534
15329
9555
1214
14369
9772
3989
2233
9016
9155
5315
15987
12936
12637
15618
2470
11097
14888
14356
2978
8389
13330
6096
4917
3976
4517
14429
2405
11640
6289
7683
1072
14307
1709
15231
8260
2095
4902
8168
9904
11367
13314
7157
8092
9701
14083
13836
4091
15431
12059
7923
11693
11716
10756
14103
13663
16129
1527
23
1861
8573
2888
12012
7413
15099
7733
6884
7521
2958
8900
14609
11185
12829
4072
5437
6914
15100
5169
5604
4284
13664
460
9787
12345
13521
5858
1468
4639
11738
12775
15332
13343
7976
9686
14937
13790
16168
1703
1496
10497
9024
5113
7676
5206
2708
6957
1525
7959
12116
4239
7384
759
16037
5229
11953
10115
878
4457
3244
3306
14992
1294
508
8042
12810
6561
15027
10001
9524
4809
12245
372
16318
11423
12219
1854
16718
4440
8662
2777
16039
4470
12728
6823
335
6607
17034
10608
10043
4880
8127
5183
13596
2011
9516
3508
4659
5141
16837
8759
11013
7753
2672
7828
2615
16659
13974
7395
13815
11049
3552
385
4140
14221
7327
8150
2993
9943
12991
3491
7706
16765
12968
16496
1565
10108
6186
3613
8372
4145
12408
10875
2838
14290
2962
13754
1853
16781
3732
664
1555
8275
4785
14640
1103
190
14322
4988
1444
5284
6612
13586
16419
13625
10085
2670
13957
13803
10450
6169
9968
2893
3073
13104
11621
13495
5223
2097
9954
2129
14037
3657
10424
2305
13082
11343
6018
13948
9478
10370
14909
11158
371
15060
1702
7398
4488
4719
9915
8460
5535
15566
8028
2257
16070
9548
6865
8638
7850
2956
16108
15230
3393
14374
9522
15519
16529
8095
6703
8043
3858
8170
12088
2004
6903
12533
2844
2709
3911
11539
13887
9514
8335
14767
14821
7788
14336
16830
6292
14669
6040
4578
15473
8155
8617
9804
12167
16944
12626
14070
15233
7928
10102
14301
14508
13612
1376
12126
82
1339
12119
2239
13289
14439
11319
7939
3235
16411
12160
7999
810
14475
7661
11859
6437
15064
12636
10411
3880
9236
2525
10267
13067
3123
12956
2701
16536
3023
14520
1621
16804
8037
5929
9684
8500
2511
9862
4943
4493
6226
6961
1375
679
10081
9599
10365
2495
9607
871
10069
8807
7003
2548
10367
3058
8819
1462
13085
9482
12800
17042
16894
5122
2972
1506
10709
1284
12102
7139
3122
6079
15872
10984
7915
11413
2529
13846
8794
1025
7782
9987
7020
15553
10486
16628
16743
13465
13814
8361
1779
11145
1627
10832
9551
58
1310
12083
11140
9788
16131
8729
4070
17097
10240
3576
9096
9246
2149
4172
3519
12349
1523
3322
11535
6762
4090
9085
15859
16095
11232
9618
16361
7169
1267
3539
2126
15114
1301
15689
2488
6223
5271
3932
5236
14458
12596
6179
2043
12064
14880
12443
5287
14060
15977
13576
14332
3204
15741
8194
6628
4084
11706
6496
16044
14207
1362
1741
6255
16925
2121
6721
2940
11001
10606
7234
4707
503
1944
4766
3246
8409
4649
8408
12756
8609
109
15288
5167
3380
2219
10904
7323
10957
6141
14285
16102
12249
10400
16052
6439
6802
13766
9621
608
9812
16750
2418
6409
13475
16360
2173
8957
113
4530
15054
7910
12691
8431
6294
12105
4580
15604
13840
7356
12353
16933
7957
1400
12432
9133
10457
7678
17094
10544
16725
191
8946
4120
1378
7043
10501
16316
16097
10082
8992
5684
11057
3265
7817
5922
16824
11514
8476
7365
7534
247
5159
15080
14143
7633
15432
1737
15599
14011
1005
16537
11003
14670
7659
6326
123
6422
4949
11270
9374
11520
16482
9494
3799
2398
11778
7258
3625
11796
4808
3877
2052
3658
9733
12154
7453
8861
8669
15824
15945
7887
13236
3608
4765
14538
12681
8817
12589
9141
2082
1467
4588
1191
12614
15804
13147
4954
6236
2225
10215
15661
9637
15452
15723
4211
2369
10566
13365
12647
6745
15725
11759
15122
2870
9367
11148
10212
1815
12287
8420
3660
13562
11120
1414
1736
4828
4847
15150
16702
8521
16498
14437
5916
2222
17103
12039
2327
4669
3717
6386
9677
7771
13864
8555
15020
9122
7053
8054
14656
8654
8233
12143
7452
12846
493
9506
2389
3113
16149
15920
6912
8244
39
16841
6142
6844
7862
4692
14099
14615
5726
837
12149
4383
15906
7665
8579
4811
8178
3917
14791
2042
10860
10543
10954
5594
4354
43
6782
5052
10717
5553
1244
710
1862
16459
8264
7761
12795
10168
1411
9568
14496
16665
9233
285
851
3831
4285
9344
9042
11241
11011
1577
7028
8538
8728
7246
9622
12748
3547
11830
8642
16614
9290
484
16417
16864
7311
15921
16719
6939
13322
15809
16146
2372
6286
9300
10476
15556
14392
7461
9005
4683
2147
7194
3153
6757
10068
11268
330
14314
6303
4797
11739
13052
14318
405
13269
11618
15383
9387
16043
7955
6045
10981
14403
12165
12134
14363
6524
5345
10216
5971
4118
1232
7996
9295
9472
12305
14357
7125
18
10921
5651
14585
13259
7578
8623
3901
734
9008
16276
2350
4953
358
6761
10371
3797
1567
10127
12239
16632
8296
5367
916
4181
16877
1601
2141
8108
2164
4737
3467
7334
8333
2931
4476
10684
5609
9291
4708
677
8827
1743
11509
5883
10017
3646
1593
7115
10042
4405
1249
14600
15
1179
8060
15046
8440
2342
1070
10878
12328
2603
1912
4672
2580
382
4427
16844
6861
3811
14231
16814
1356
16761
15559
3035
1819
5473
1608
1509
2512
8688
1625
14810
6610
13911
9090
5221
15997
15349
10813
4282
850
11767
14643
6770
16992
14972
3316
6907
15505
11794
7751
3271
15425
5442
14205
10208
843
9174
6004
8899
6671
5736
2666
1887
14836
5011
9889
6156
14807
10228
9467
8445
7736
452
13893
2473
16242
6066
10136
5930
16559
6182
10587
16698
8357
11466
13051
8671
487
11404
8319
9664
14340
8788
7607
7808
341
1907
15880
8582
10790
11407
11042
6685
11411
905
10231
339
14293
12672
14401
5257
8437
2375
11162
9487
4152
4709
8873
3485
6486
108
16331
4006
67
9087
448
12095
13645
5376
11261
8765
10539
10403
309
9775
8625
3083
4818
12615
15863
2607
2134
13742
6191
6508
11244
2679
212
16660
8180
16911
8696
10484
9731
1333
1826
11644
9732
5811
4826
17058
2852
3367
4982
376
11577
12002
3618
16390
8599
9523
6672
9914
7466
4455
11250
4800
352
11419
12032
2319
15660
9139
8864
13553
13824
11256
13369
8346
9124
11025
13004
14870
7512
11798
5775
12563
12137
1361
9051
9593
15561
13003
5750
11729
14950
12948
3116
13593
12264
2251
794
16889
10828
3138
14339
8501
13216
5567
11323
13113
5715
1823
13930
13656
369
12195
7703
6155
9398
3513
6752
16093
9835
13037
995
15538
11394
7920
5344
13452
13834
2285
11117
3286
4177
586
3983
11182
2804
1515
1448
12507
4551
14653
13132
4096
6005
1619
8544
2632
1852
16968
10865
16653
764
13739
8840
10053
13020
11606
8546
12989
17080
4060
4054
8289
15229
7108
10089
8755
13675
15179
7705
3314
1246
148
3650
3776
5691
14478
16385
3792
8009
5848
3005
5860
14272
15875
16474
10752
9044
9111
12205
8733
16722
15831
4049
3207
7592
9654
360
8849
14629
4762
806
5207
6828
5013
8633
8388
14282
1835
1708
9995
15828
13762
4477
130
13217
15937
4682
6234
8941
3720
6942
8118
13619
8373
9153
1943
8790
11204
3095
13590
7352
10254
3184
2499
377
7670
2622
7618
3997
15927
12243
13828
10268
11486
7298
844
1996
16505
9502
3090
1896
75
14635
12605
10600
5365
17069
5941
10134
16018
8376
2890
12746
9441
8188
4366
11054
631
5073
3041
7831
10489
2192
11416
12971
14289
16847
10392
1769
12286
2332
3881
14057
13220
16745
11274
820
5665
11983
1355
2341
11124
11635
14102
6350
4194
6140
15223
12593
16055
497
446
985
14626
1576
16871
7855
6493
3212
4458
10022
13858
15136
15026
10092
8157
9716
4051
2268
12461
17005
2498
16221
9765
13682
11563
4292
15712
5430
12260
11026
7175
670
5953
10275
4353
51
6435
14885
10609
15154
4087
565
13494
6686
8142
5648
10193
3066
10558
4266
12420
16209
3216
9446
10662
9860
16692
8456
16690
3126
10218
9028
6129
4489
6767
1913
10178
1784
6751
3861
4972
255
5172
9535
6793
1126
12458
13249
4963
7623
13637
3982
9779
15584
16295
3573
286
6144
540
5690
7914
3849
7843
13511
5423
13940
3998
6783
16547
2995
14267
9960
13733
2425
7493
9678
9563
5309
1198
5533
8630
13954
1607
5931
8737
12543
14875
11756
7804
6576
17098
9832
13585
2481
10691
558
11648
11048
13945
7726
5301
12004
13769
9459
2368
13691
15087
4860
7094
9046
10140
728
791
11160
1705
16936
4367
7429
620
6732
13583
13779
4338
3512
9676
7468
1438
6304
2039
17064
12813
6276
17016
13689
12550
11138
13303
3100
2361
15540
89
10332
2925
599
15727
5482
629
15644
5307
9536
13890
2500
13203
10144
12547
13356
3130
5299
11345
12478
4509
6356
1488
16842
10233
4334
5823
13123
169
2112
16812
7595
9116
6323
3205
12864
9447
9411
9799
14803
9125
268
16274
5216
16622
1006
4188
11111
16510
13422
9154
5878
10027
5362
16860
10561
15532
16810
8608
9651
15897
7867
8337
7035
888
15183
12944
16159
7615
10341
13880
1018
10658
5611
3680
1115
5378
7872
8171
13555
6704
9652
9952
12861
1470
1739
488
5913
8302
7171
972
257
6272
12571
8570
6244
15130
8604
14333
16954
5531
4913
3531
15240
2089
13379
1123
6070
964
10721
9829
8892
12248
11570
16527
3096
15668
5171
10719
16760
15315
5979
8344
3232
1416
15739
10010
15469
5978
7925
7835
12847
7837
8109
7757
6632
14736
13172
11084
2282
8449
4021
622
7865
3891
6665
7709
8997
7660
4510
6722
12356
3447
2393
8377
5143
10262
9778
12445
11439
8340
13099
9316
7993
1276
10251
8768
4667
14719
15267
356
1841
4586
4373
12958
12754
16654
6119
11580
4723
15395
5452
14419
13001
5876
7647
9033
7153
13912
10657
14233
4782
8839
5872
14462
7088
9897
3794
13479
7903
2656
3580
1264
12330
15869
13065
1002
746
13575
3472
11080
902
7410
12295
13302
8097
7320
9410
6329
687
9394
4020
3327
839
11373
13868
11328
11133
7589
9196
11430
11942
2050
6660
9912
8363
2330
4901
10383
3399
12527
1989
3387
9486
16301
13722
10960
5807
4496
974
15195
11666
9342
12871
16917
8116
16315
12919
10770
4776
15119
8183
1040
3910
1731
12520
15991
17050
16007
306
11190
5790
14742
528
8738
4663
233
5622
2160
14349
2169
6472
9990
6840
15628
5173
4156
10621
6930
13963
13777
10432
11675
10804
11658
14654
4862
16538
14173
1891
13903
5868
16193
6678
15918
9327
1797
15115
10906
3381
8002
6380
9696
2849
12047
4460
6654
436
13934
14502
3626
4528
11181
13877
14581
5877
1086
9056
10063
506
5158
12187
2175
6960
13371
4150
9575
13755
12284
14521
4929
8805
2539
12007
2302
3698
265
613
10885
9966
245
4772
4471
10090
7204
428
15423
10205
8967
16637
11179
2569
15989
12010
4613
6327
3372
5343
3139
9609
3596
10413
3836
12049
6393
9751
5047
11264
6931
13879
14671
5528
3856
13905
4110
254
9203
7110
14001
11385
6792
12833
2858
11022
8077
15326
2532
16386
16214
5765
9181
6809
6021
753
2386
164
5903
4003
3690
15369
4062
15350
13225
1110
15986
8049
10947
1934
12913
6623
6284
33
10329
10060
8917
14291
10909
8059
3157
16487
11831
1320
10183
10145
1230
6017
7230
12024
14590
10045
11538
951
7974
13364
13463
9925
12198
12634
16503
8509
16658
7083
15528
8834
14441
7786
2318
13518
7585
6724
2395
12822
9636
15367
8304
733
13825
16237
17095
1097
776
8330
3529
8926
15227
12851
3187
4753
1270
342
12522
13427
8798
15498
11961
16834
2911
11320
4534
9278
1510
6257
13190
13054
11601
4550
10607
11388
2564
14625
10406
17004
5198
11379
6964
16194
4208
409
7414
8701
4135
14692
12186
12433
11997
8327
13195
8851
13448
10683
15806
15442
3670
2760
3425
6441
11098
11645
9529
6412
7039
16177
6743
5928
6891
14386
12692
9785
14144
12583
3862
12819
2435
1799
8148
13734
2691
5077
16141
4973
8569
5401
9006
6461
12152
2641
12572
3920
15904
10259
932
16124
10032
12853
9435
84
2757
12011
1793
6506
8487
2575
3164
12666
11346
14636
14149
16569
2746
8842
6495
14504
3290
16086
13626
12274
13791
9722
7802
16813
5746
5747
13124
13042
519
8112
11637
6522
12660
3569
16042
10460
800
5004
6193
11676
15187
13958
3189
5558
4643
12918
10686
13231
11649
1656
1127
4382
14824
1857
11881
3629
11196
5272
10596
2551
14676
15347
5996
9505
13987
8515
13545
1932
17043
7851
8613
14860
3114
8607
12619
5944
10438
10427
10826
6883
8897
5783
9315
10177
17072
7089
11492
7545
13802
12688
12179
5080
11000
14212
7635
8982
11377
895
11994
11903
1526
8942
15886
16450
1102
13539
12867
133
4270
7745
15562
6979
10601
6432
7442
6269
632
12184
7126
9386
16943
15575
16128
602
3345
3304
2810
4791
11095
7112
1933
14975
11643
6768
9098
14858
15419
2144
16771
2125
914
5734
16322
14561
2093
5246
7526
5574
12215
10075
8968
15038
5888
943
13507
931
12607
15745
13419
182
3462
1046
16279
15364
3289
12457
16293
15651
8113
4823
11632
7977
8365
12438
15615
16366
6207
15012
5893
3838
2066
9239
14490
10379
15913
1435
14808
16238
14261
4568
1771
434
8602
1870
546
5948
3740
16891
16979
10261
7650
16388
14400
4108
14564
9225
15197
13982
10975
1313
170
12213
1990
1283
9781
928
4969
11688
648
1427
12090
14193
3125
7
12183
7069
4729
2290
5211
5600
7954
15271
2912
12197
9614
6852
11294
12371
319
3278
3545
8824
16511
1219
10928
13327
10443
13460
15465
13591
9361
10428
15032
9353
3527
11822
8769
15969
12854
3195
7686
993
10265
7330
12517
4052
16468
2156
8402
256
12802
2693
12771
3915
8169
7212
4345
15252
7050
8133
13595
16479
7932
3945
11526
11497
3517
2613
8871
6799
15702
4173
8951
3965
12667
8044
10171
14744
486
14949
16697
11970
12825
5308
581
4155
1159
13584
14493
12073
5185
10983
6831
6305
5453
1524
14869
71
14492
7155
9587
6232
13510
9711
9567
6694
5394
9493
11253
5218
13026
13966
11969
17002
9962
7426
6216
852
6692
6926
4147
9105
103
14228
15047
2184
11978
7779
5908
3243
4169
2519
11409
2889
7836
1543
2334
8915
8668
1065
1754
16717
8001
13919
490
13702
5563
16575
5089
11660
15517
1762
2146
1563
4430
8242
10995
5639
6971
2396
7202
3395
745
5008
2433
3427
582
13317
6929
11030
1212
5703
846
11296
13338
4896
15565
12254
11541
11586
5424
12961
11771
17012
5164
12144
15905
2733
8058
14554
5773
1909
8458
14911
2538
7712
3329
4827
3315
11163
14050
14003
9298
11222
8430
47
4805
6819
1469
11265
7428
12633
8419
13036
15672
9864
8584
1071
12171
14867
7074
16101
2774
15777
14907
14444
13678
7484
8074
10879
736
3061
4164
4546
5289
15795
13290
15551
14776
11823
2057
3044
11882
3487
475
10976
13186
3493
11710
16589
2440
2876
5019
16576
4148
3423
17082
6050
11709
7241
12185
1699
1111
13179
14027
8743
8123
6682
2974
9195
6250
9899
354
9843
5009
5515
8387
15476
114
2337
4840
2044
11525
13056
11396
11484
4612
15645
1112
996
10026
10122
11216
16681
10302
9086
5020
3974
9867
5262
13819
4650
12015
14750
13293
16326
3437
1669
8990
12069
12386
7504
1592
8510
3362
5937
981
16601
5936
11779
12705
8853
8780
6131
2634
9476
12306
10780
12322
10782
15802
4584
7130
9726
4679
14234
11336
3021
16790
5106
7055
10659
12799
7091
16553
11940
13437
2455
1486
9531
694
15429
876
13226
7765
12886
3973
15264
10950
807
4209
12133
4395
16916
14148
16365
8802
2406
4075
13405
12048
14550
4675
3963
4597
9039
5634
2647
10474
16036
10595
13028
3957
9299
2114
1807
14544
13318
12389
11776
11408
1483
2840
15124
2753
4024
3933
7389
3031
8324
15894
15109
719
17026
853
1386
5918
4498
16015
9743
3250
13924
7331
6932
16515
13693
15376
16823
6268
8972
4793
2877
118
16297
12875
14066
8909
7558
7151
2108
1631
4227
11860
13983
3823
5457
16787
7892
12391
5828
6787
3383
673
1776
6253
11399
2604
8465
560
5787
1581
240
4201
13886
7859
6382
16437
9638
3603
1873
5595
5417
4113
4881
9917
15063
6470
11234
3840
4802
10064
11743
7973
14497
13607
15520
16343
6196
15669
6635
4398
877
13069
5120
13775
13747
7136
14701
2941
14556
5735
11366
9826
6858
12646
14536
16416
4872
11910
9458
3815
327
4105
6794
10164
9159
2830
1982
9064
15964
4574
3276
4815
13929
10323
4121
3018
15241
6725
8616
15655
4713
2243
5886
5055
13363
2434
614
16551
8760
15132
6184
2096
6547
4014
9698
14104
10834
6360
14592
6059
7693
6419
12127
11679
3656
3579
1983
13600
10374
13341
15406
16582
7529
8799
12500
11740
8532
5541
5755
10404
12372
14269
4027
7325
9167
2419
14746
1403
2608
5647
6847
11450
11393
3419
4361
14679
3194
15881
172
5701
13746
10910
10390
15657
4356
10247
4521
13899
11315
2346
771
13268
4770
16029
15334
11390
5145
7938
10715
1952
8257
16460
3574
15362
14477
10051
3929
10283
13892
2172
12959
11364
4094
6163
3141
16473
14641
478
3142
7267
10452
7370
4908
3581
11593
3990
4933
6120
1434
7026
2527
6924
14570
5329
433
7542
16277
9499
7803
4916
6712
3586
3150
8196
11629
2029
9308
9390
9817
873
12781
2578
15611
14398
6850
12426
2642
14613
8843
2537
3145
6667
15626
1425
16409
10524
4223
11200
2704
859
14859
5078
9933
9427
1590
10706
3478
1642
11326
1001
16374
8867
2140
9805
14032
14266
13091
8520
10101
2926
3392
16919
16016
5565
15823
12774
10799
1628
2545
3762
12273
12664
14024
3923
14130
12604
5615
14890
12302
14718
15417
16915
12474
9455
5270
4878
10377
16363
3307
754
10338
2387
9003
11805
1335
4039
848
9369
4137
1243
10237
6208
12464
15285
1160
16646
15765
12415
231
10070
9742
16305
8012
9892
16115
6407
2971
4845
16201
8905
12261
13550
15458
10481
10097
13025
12159
3268
435
6006
11785
16218
12759
9333
12335
10422
12549
9719
14091
1519
15574
6648
3729
6526
4608
13235
12434
9850
16619
11457
1624
4747
10073
13839
8825
14987
5910
3330
11745
229
2256
178
5984
725
17066
1465
8543
16424
1321
415
3352
1984
4272
2566
10736
1343
2137
5245
10716
7348
6088
16076
12281
5455
4631
16618
15161
8225
7367
13690
2648
4819
922
13171
6009
7265
8425
6529
2366
13907
14341
10106
13736
8610
3825
7524
3053
8204
6346
1951
16444
6477
6541
17063
2686
2658
15082
7528
10631
12632
10189
15503
7284
5125
4903
9307
16145
16226
16626
15571
14343
1235
1225
6788
11456
8021
3671
325
9528
13308
15764
8138
3807
15140
12560
16985
825
5389
5461
12739
15924
11118
8504
4564
3767
3950
12392
9957
14700
16667
5729
13809
2145
4348
12648
12348
5548
14476
5104
6391
15237
12313
5021
3482
14142
13166
4529
4732
3430
3578
7945
8572
15946
15091
10899
16100
8989
15471
25
3864
10604
408
9631
5527
803
14898
12110
2602
10629
12702
2661
14548
9520
11809
16623
4975
14551
4504
9422
2610
13079
12193
1939
9714
11287
6875
14533
4907
3621
2006
12098
9881
8512
11528
10174
2355
8874
12710
15762
13666
2133
15343
12770
10057
8426
6180
10209
16521
12072
7373
2959
13872
16064
8182
1790
13333
12761
3769
7934
1935
1587
4657
16150
12014
9922
13751
11899
15219
2929
3572
8703
15876
987
14456
7591
15593
7997
5440
17000
11213
9645
5571
3087
15902
15168
6113
3821
10350
473
11512
10463
722
11023
12298
13105
5549
2818
3052
11548
15164
4519
15196
6381
13989
15171
5150
5695
7532
9247
14359
16103
6764
10902
15732
11943
3398
15763
9340
4777
4171
3634
10681
11980
304
5127
5569
13461
11474
15922
7114
160
5098
13360
8154
13170
1022
15496
14111
119
10133
14329
14151
2938
15787
11878
13760
2056
1210
2020
16596
3428
7354
4190
8495
14998
6335
1196
12856
7927
566
1143
10966
1559
2197
14286
381
5510
3941
7464
15688
3057
16755
10788
2484
10078
13900
4757
13869
12641
2524
2677
6379
14195
4945
12793
14727
5753
609
14096
102
3999
9443
8407
502
6902
1233
11582
6027
1998
12003
3986
13328
10273
5102
2624
4101
11885
7543
10495
1138
20
9222
1585
5131
4076
12334
9146
11692
16381
9888
6424
6733
16822
3391
5024
5570
10121
3146
11231
220
16075
13281
6331
6259
7986
238
1674
6263
7416
6656
37
6067
7460
1287
3607
9357
1858
15497
12130
4925
14006
10610
1691
6569
12139
357
14020
16897
4680
5856
16140
7812
4875
11066
12409
10530
16122
12050
5952
4751
10777
10448
7747
3155
4480
7814
10949
11468
15092
8014
288
2565
4590
9839
14129
16656
10829
3600
12444
38
16629
11337
11176
4581
6073
3175
12410
10366
8502
13908
3210
16684
1404
8295
3060
13031
1981
5584
17030
6944
6102
3214
1048
11699
13490
193
16530
7402
3408
11223
5493
16741
9948
13097
723
5994
10016
666
12516
9590
1840
15635
15451
16486
10570
4363
8434
8751
2198
4587
16938
3719
13386
13786
16727
9886
9126
8960
4290
9212
1993
2364
8491
10161
5825
13205
6011
16555
10541
2076
15400
14112
8241
9650
8916
15794
4365
8548
5112
1194
6447
8676
2289
12068
4443
215
16890
14606
11871
14464
2827
2631
15356
338
14217
4744
11905
15766
14191
11678
3012
2063
5927
737
10967
15681
12252
4541
761
9377
12422
15974
1454
12679
10385
5924
6420
1075
2645
9457
5018
10429
6148
12929
15908
12685
16673
7450
596
8035
5354
14603
11607
2262
6143
4002
16023
3577
1261
6034
6567
1344
15910
9380
7152
15639
2288
11352
14768
7664
11286
5730
4790
3806
9695
13688
8576
5607
3030
683
1504
5075
8963
5023
11748
4370
9097
4379
6972
8939
14924
9183
13857
1895
9263
7362
10395
4310
12283
3757
14321
7102
4935
5502
1272
2084
14407
15393
2690
2000
216
17020
15359
3469
6987
10185
12379
7270
14798
16967
8852
1721
8887
13544
10086
9287
1676
8211
12708
8124
7357
10750
12577
3637
11443
14121
7249
16489
12608
17022
1872
9437
16248
10825
16610
1099
3181
5086
9320
15975
11329
9267
15462
4304
13805
16182
451
10894
15067
13064
16084
10256
13283
15715
10911
6624
8272
1546
14511
7541
9842
9591
1299
13038
16203
12900
3025
1701
14213
969
10652
4289
5154
2283
12755
12523
3674
1560
8588
2174
7224
11150
16161
16978
5925
2719
14904
11321
8796
10575
4995
6282
5771
4876
16534
77
12595
947
14484
16999
10661
11041
16415
9930
7015
8482
13570
11626
10362
8773
9971
16202
5492
6246
9077
901
1505
15578
12511
8273
2896
393
3180
4716
1330
8530
13047
12598
16345
13408
15636
11888
15138
4038
7017
4817
3266
14426
4690
7351
10352
3668
8467
6518
12752
16591
5983
12826
12168
10382
16737
4078
7242
14055
8912
2413
4784
9642
13728
16579
14850
8586
7310
14348
16584
11061
8399
2636
6527
13523
13556
3748
2577
14381
4129
15588
4326
5819
15907
2720
5962
16612
2185
1849
4567
7759
6347
2646
12963
6449
11803
6198
6467
5906
709
1732
17079
5887
8156
5781
5060
4701
12425
14101
4513
4234
6736
11237
2253
11187
12332
4095
5724
14571
16776
16906
9936
10282
13234
12979
10110
9752
6281
893
1518
3435
5419
4083
15133
16647
1503
7979
6038
5181
6557
10549
13349
7755
16098
3995
14631
15891
7547
9359
5190
14115
1094
11773
9938
3043
16062
14131
10991
1614
11936
9252
1203
5815
301
2920
4991
4335
9370
500
13710
5204
14241
15596
3693
14896
2857
14819
3040
12505
5688
3935
3689
7671
15363
11587
10114
9223
7824
2891
7791
8928
6871
7551
11524
2977
9378
5597
14986
4837
1008
1650
883
13457
2284
12188
5498
3239
16204
2782
9581
12784
12574
7292
455
7972
505
16789
8086
12570
3733
10533
2685
8072
14004
1522
14323
2122
516
10124
5187
5738
5621
17074
10024
9135
668
16694
9880
5796
14813
8994
1039
5443
8412
9942
7714
8100
14396
1043
925
14440
15961
7969
915
12823
6889
4854
15190
2605
11260
12454
8507
1744
4891
8088
8620
14514
16220
4882
7368
13221
7617
7612
5572
2800
15375
1409
7293
15371
10066
2618
9208
13973
588
7951
12757
9417
12411
4013
10762
6219
11554
5372
16977
16022
8551
10162
15662
15061
11904
7883
15440
14993
3936
650
4695
12988
8318
13459
6662
2229
16373
189
15242
10946
2025
5014
14237
11471
7674
3564
6978
5685
5225
8151
6099
7495
7309
8673
10003
4506
1197
9328
6302
7718
6041
1433
7140
16729
10179
11005
11906
5029
13741
2231
16497
14394
9053
1337
17013
8471
7799
9911
4332
13407
11712
161
7419
2793
334
10483
8231
4532
13517
3013
12630
9543
7875
14891
15973
16784
10845
9147
11242
10147
9738
8462
1327
5912
3152
2055
12124
17047
4245
7599
5550
13921
14277
16546
12396
3695
6042
2363
13993
6271
7667
5382
1282
661
5318
13143
3610
3479
15213
7041
930
6427
9923
12850
4206
16516
12504
12892
81
14244
998
16531
15576
16494
6110
9229
15413
994
720
12631
4960
13373
16768
6499
14252
1632
7340
8216
8380
8976
423
1098
14915
13505
2544
4664
11907
12475
16289
10773
9336
6205
14593
14077
16872
16602
15248
1551
11836
4984
13240
14135
3300
5840
13396
12953
1717
15807
7177
11201
4914
11511
13315
8448
10969
12246
6261
12496
4938
13013
13936
14883
3988
4232
12787
4835
11998
8114
454
6016
7124
11199
13928
3279
100
11188
1268
15003
15189
12467
7877
14877
7344
12878
6267
5545
14809
15463
11103
14120
2513
3779
11372
3980
6973
6209
8904
5853
150
7135
11924
7004
11622
9276
469
8690
5002
862
8987
12719
16701
11734
6436
13264
4050
2763
4259
13761
5866
14108
3501
16446
7695
9750
1763
8974
14947
12177
6192
11129
13843
2600
15022
1473
2809
2571
8592
6397
6010
11191
2062
14906
12993
4300
16
5806
8248
2583
15851
5605
11177
7119
547
706
1489
10932
10628
10345
8973
13821
14165
4175
4037
12651
5865
6606
12709
16640
15521
14418
2769
854
16689
5280
6274
16752
7294
474
12880
15799
15583
7207
9348
7271
5551
11435
2071
7723
16595
11687
6013
6109
10029
12582
7010
5722
13894
4222
14686
15291
4599
14595
188
12483
11087
14690
17021
11611
4526
7631
12952
7743
13644
3532
13098
5140
11829
14162
16820
2533
812
10303
2397
14383
8266
8436
9550
5242
10129
9935
151
744
9803
380
2237
8279
11105
10917
16158
7387
15401
12561
8152
9982
2654
11318
14863
5210
16652
5400
9488
3439
6055
15078
6638
1436
14325
5970
6394
4563
9896
8015
11245
3360
15744
1055
7826
9277
5586
13019
9376
16974
15547
13043
8693
14531
1033
9381
14873
1262
16712
10468
3753
15028
11137
11178
2738
5573
9052
10892
4392
221
5395
879
10974
14310
12244
10456
12824
3652
14361
2463
16635
424
15770
11316
7345
5254
10320
12452
9956
5516
11208
8214
1751
11405
2073
16427
16080
4097
12830
14153
5130
15123
16090
15072
9717
5737
7666
4340
2536
10891
11220
482
5864
12776
6069
16458
14194
8034
1421
992
6349
12492
849
4187
7449
16971
15017
14793
7531
16110
5286
3468
6266
2873
12125
5517
11673
3783
14884
12767
689
3526
13602
9037
11398
938
6237
15506
14155
223
11821
16059
16121
11327
8605
9931
4745
15822
5083
7324
8657
7465
10614
13827
5467
13630
5982
15010
5764
14794
4720
15209
1279
15582
5267
9293
10586
16756
9419
9464
767
10590
12200
2417
7096
1513
3602
10632
5759
7060
13933
9774
6895
13640
13955
11064
10908
15093
15548
1561
856
9286
14159
13503
15250
9460
11275
2100
16902
7682
10547
11634
11230
3348
9630
13357
12300
2675
15820
7342
13605
11240
14183
6988
12778
16763
2036
14764
7769
9484
174
14996
16154
7582
3904
438
2518
14886
6975
9501
9142
5330
7168
6373
17003
16011
10340
16105
11922
4344
3000
8162
8578
11494
4799
12258
14597
6797
14967
3068
9964
311
14058
9660
14960
5288
6874
9210
13285
6019
11565
16587
4065
9188
6434
14064
16478
2510
13588
3598
7251
5619
5456
10270
11221
6057
2792
16077
16945
12581
4240
1049
7794
5025
4735
5235
5469
16736
168
11224
2320
13087
13376
61
6876
7854
6322
6187
9434
11020
14914
14527
16522
3134
2490
4305
7908
872
8981
16520
14591
954
5446
15214
14424
7642
496
4856
15716
13970
16947
1439
1508
14923
15139
1792
9418
4868
7510
6886
6072
7822
6214
5901
4794
10454
12671
12733
4976
14720
15053
7369
8104
16009
11594
72
10277
4775
9445
4964
7304
6554
14978
12016
16624
16711
15650
7832
2960
2489
5418
11432
7680
12162
15892
6229
2313
11448
10308
16027
6603
8359
5405
16341
10103
14218
7924
3924
1260
2245
2099
7403
8331
4400
2487
2727
1420
3135
13683
12288
16625
4821
14918
3291
15654
15736
3474
10360
9115
14035
8416
9761
15717
5326
9741
8093
4287
14379
3370
16439
1133
2923
12135
10732
15277
5659
13901
3409
15011
6239
9640
13401
16096
12981
14866
13049
1207
13
8964
7106
15390
13567
11725
6565
7372
9224
1010
13194
12388
13446
5966
8816
2826
5660
13855
5964
14473
15029
11206
9578
3500
13599
16155
14709
6869
11019
14170
8064
12798
16114
15424
12684
1729
10678
12528
179
2177
13254
12716
2001
6483
735
11902
4894
4153
11072
3927
15848
7900
4225
13115
6555
9913
4085
4088
1831
13781
7871
5580
13652
15818
8062
6595
10437
6398
226
8453
4221
3050
1078
9784
107
13674
6313
2142
14619
6206
8230
2468
2058
16425
11155
11422
10519
5347
12352
9477
7061
10951
5391
3079
12644
11444
13861
6231
9937
9870
2546
4389
1757
3601
4415
12026
9108
4535
11077
12951
6162
6859
653
14133
11357
7893
16137
8795
7150
7121
13387
9977
15793
12711
5530
13807
16418
2789
3038
15871
5191
50
11962
7380
14576
394
12342
11610
7941
1121
17040
15345
5824
5096
3036
9043
2936
4717
8841
10311
5800
6175
13926
8195
2842
8718
15713
15415
717
14428
15096
6316
346
13443
5990
6904
16472
10638
15978
3919
3589
10380
13251
9728
7980
14586
472
2033
2949
15752
6578
5591
6025
7795
12365
3445
13704
13353
11896
580
13316
4461
8683
10087
11344
4114
14775
13286
6679
5380
15286
5959
7034
10490
13721
2758
14762
11530
5233
6937
16764
10006
5450
1946
3789
1484
8697
15102
1830
6242
16469
7488
1187
8232
9926
13627
12898
7081
15016
7052
11578
7581
12060
175
16948
15638
16724
7721
10959
3854
6943
7611
5834
12493
14472
2731
9413
16281
12933
2139
7208
7127
8321
9326
7188
11361
9656
9341
1471
7719
4596
1963
10862
12910
3353
5128
9158
16599
847
9114
2779
16151
12363
7301
939
1809
3955
16025
712
7968
10389
13237
8778
3896
12498
5779
1174
8345
8779
2356
426
11028
14650
654
7025
4693
12779
6673
1798
10747
6094
4434
9827
7290
15827
9070
6575
12613
14204
7248
12903
10929
7863
4688
7638
10827
16857
7593
3540
7379
12077
10170
1085
9408
7021
3822
2449
4646
11624
10654
6152
10901
1718
7834
14010
6543
1557
16190
4927
14342
7321
2805
2898
16352
9847
13992
16526
781
988
8716
40
16001
8752
13528
5837
7784
16188
333
1273
3108
7353
5849
15224
5208
1240
16135
14013
13951
7396
2535
11063
450
6151
3069
10748
4022
10978
6074
1038
8710
4281
16191
5149
386
16241
16311
2376
12564
2135
4904
16254
1950
4230
2652
6829
15888
14844
12312
14936
7090
10137
9192
9305
15646
2620
13997
6791
6028
11986
13810
9365
13648
13988
906
1258
991
7355
17024
14014
8585
3537
9379
13114
6012
2979
1679
10552
17028
5356
4092
15535
773
13972
13208
9909
4620
630
14897
16863
9986
2723
14089
14067
13529
4886
9577
7987
295
8937
12491
6923
8721
12019
3369
6228
9473
9655
15269
15633
9980
6867
11123
13818
10663
4191
10728
711
5248
6301
5968
8959
1663
13358
8635
15542
13455
3893
6023
7045
15412
14065
9984
15605
6817
14962
8574
8547
977
9712
6796
13531
12535
1534
2593
4918
8713
15370
701
2088
10160
13272
8525
3592
4642
12569
5157
1311
1531
1459
2269
5061
15166
12266
16185
3630
12128
10453
280
16217
3208
3557
16839
293
8494
2448
5576
9613
14268
749
1603
6484
384
14175
6825
9144
9402
10694
459
14833
13601
4262
11737
9498
14971
11617
16467
6147
59
16346
3358
5630
5752
12623
9292
15949
1949
9391
5388
15352
9245
12713
9557
10301
12662
69
4409
11037
9884
892
990
3341
1338
14541
16377
16791
13732
16380
16156
16353
16884
7111
4431
13884
10924
747
3293
12640
4562
12178
3981
15982
13301
14119
3593
1875
541
14758
9218
7742
16714
5441
912
2783
2165
14176
3049
3721
7639
44
11791
5707
12189
9666
2501
12602
4260
14881
6513
7724
14605
5355
13279
4141
14941
572
13671
2224
2444
9140
16603
13260
1675
12276
16846
15658
16758
14312
8949
11446
11189
5160
6212
9833
1653
9480
6051
12360
12645
5022
7943
15734
13462
11567
7797
4333
1220
6898
7902
5431
16116
16585
14355
6068
4352
14753
7648
1514
7082
9619
10627
10499
14579
5439
8810
16213
624
11469
14397
3402
2828
8542
10776
7869
1131
13709
14304
10997
7807
12940
10287
2967
3433
8235
5325
14968
11572
12081
3351
8255
2698
14059
429
3106
8979
13950
5095
8711
7720
15889
4653
9865
11597
13713
11965
2715
2552
8643
5051
9091
2421
5256
14184
30
15510
1463
12628
4820
11827
9045
16464
15637
5253
13309
9372
3436
16808
3346
4741
10143
5466
12251
9641
14302
14827
1843
7264
10824
11619
13431
5739
1175
16703
10286
6166
5662
8163
16330
16282
11248
5085
4451
4166
7579
7884
3709
9329
8980
2113
3808
13168
8735
13148
2589
3014
11144
9220
16792
10880
16605
4959
2403
14389
13624
13483
14683
4661
1032
12920
1920
2933
2460
9680
1851
4946
2202
10528
1540
13967
8210
7439
968
10336
2975
16357
3938
12216
2982
9518
6489
6835
2700
4749
14697
1695
219
10563
10343
5686
6392
5124
3971
12841
10222
3270
10723
14038
8110
14739
14771
4721
1090
5433
10821
8888
13758
14704
8038
11576
7180
16337
5911
3616
16292
9790
15614
129
2171
15374
4491
1163
15728
16767
7385
10612
14708
9059
12199
1269
13007
4516
693
13034
7880
3548
120
3855
16678
3081
10219
9592
16431
2868
5950
3118
13406
514
4554
2401
3
7278
9011
271
10034
8557
12262
14882
10506
260
10881
4804
8590
16307
804
8243
8886
11165
11866
1380
6007
7397
9068
116
4274
3160
4226
3766
10718
1883
4184
917
9130
14558
6776
14553
14470
10276
2049
9407
14648
8441
15137
10964
11070
13361
9145
12548
8958
7919
16775
8271
15988
9687
7211
9554
3533
8879
8390
2131
8469
8556
14689
15901
7598
9649
9161
9112
10197
978
5678
3885
34
823
6133
8748
2009
9395
12828
8165
45
1817
14443
4537
9440
7663
2238
96
14948
302
5616
14607
2159
865
5602
462
4591
14578
3575
600
17006
7806
11956
6456
13793
4241
14772
13005
445
1402
10593
9463
15257
5810
11171
10710
10532
15488
4605
2942
17054
10998
12037
10745
12975
10738
3075
1681
3119
15407
12094
5067
10327
15706
8855
13856
7000
1903
80
15298
6418
15816
1879
7038
16166
1480
6367
12242
6476
11338
15449
7681
7881
8039
15527
5670
5322
12567
1582
13145
13288
5954
2815
225
1441
12327
11527
11212
12894
15279
13514
9573
16211
3584
5713
350
9820
13633
4967
15134
2837
2801
4119
13319
7497
15486
1453
9605
11912
14849
13041
12067
6458
8947
7586
8115
7516
16320
7960
11694
6378
15418
671
8777
13262
10440
12041
6945
880
2457
3699
3870
16670
8483
3082
3463
3331
14790
2236
3390
2697
15526
4100
7708
195
1530
15537
3098
3494
6221
5704
16046
7849
1168
12056
4980
5501
6804
16447
12412
10688
12966
11060
10536
11238
9321
15071
14981
4109
1017
5543
1956
833
751
3296
8791
6816
4193
5411
15009
11662
8129
7181
13423
7216
14297
10088
1635
4807
2964
11515
11575
7879
14519
3803
5015
10611
16222
3937
3556
7603
15862
6389
8692
6695
13074
13245
6485
9151
3745
15106
13844
3734
11832
11335
13506
3236
15595
13321
6560
12960
7967
11293
17055
9989
8215
14345
16908
8309
13622
16560
6087
16440
12689
8854
12723
8281
1958
9993
12092
1045
137
14786
17090
16376
15021
2117
6217
5898
4275
213
1366
14366
305
10158
3072
9532
3987
8787
1487
12722
13635
7988
1155
8338
5133
5902
16873
5969
7349
8305
14053
886
2377
8756
183
3651
8385
1915
5710
4277
3441
11426
3361
8370
16762
15956
9095
11122
3868
4825
13650
9780
5581
4009
8869
10578
13415
13978
11276
14732
13720
14487
17102
3163
731
7597
1296
12934
9776
13563
4464
15217
3817
16918
3112
5577
15773
291
9569
8334
2439
12114
14468
10675
10861
9704
6951
2848
9169
1764
940
7274
1571
1890
4112
16783
8971
16285
15627
6759
15218
4149
3442
10226
2770
7628
13154
3962
16284
5006
1725
9182
8955
3259
936
3791
9588
5802
10375
1377
14792
16394
15649
5940
7007
3196
4850
14324
8619
16867
5774
8356
2103
3553
4604
11324
16937
14486
15524
1856
16996
14335
2210
2032
9725
9620
1224
2981
9744
16533
10229
6548
196
2897
449
8823
1158
12650
3763
3546
6928
14829
14984
15783
395
11788
248
7687
8336
6078
1182
4637
15852
2824
12447
10847
7455
1756
2079
16543
12085
8217
6740
12018
7898
14347
8727
13543
16928
12872
16303
7590
16063
786
688
6864
13197
4553
5305
4769
1391
4200
14299
1666
15470
2819
14287
258
15847
2207
15310
1180
10188
627
3510
15539
4449
4261
3499
2365
4497
2022
5042
10163
9793
9834
11685
10781
3661
15178
14602
13579
9396
2188
2234
13812
4123
1973
297
1456
8984
11958
2918
12506
8417
4635
8386
10028
11840
1584
420
14126
2732
1759
15858
2531
16423
15259
1491
4033
13159
8862
6332
4803
3465
12986
13348
1548
5693
2998
11333
13334
11462
14117
11198
13138
10232
8732
3859
14140
858
15686
6594
3229
4138
14818
481
1475
15143
1440
11050
13255
2002
4394
13849
5266
17077
4103
8071
14056
4654
765
13731
4754
8119
11518
2293
14621
2787
4545
7250
5364
8010
13643
14137
5353
1700
10737
16170
5349
9317
5281
11368
12268
13875
9840
601
960
5275
7269
15696
12797
14796
15031
11853
1801
15536
3379
10704
16392
7856
5319
9667
6629
4958
8189
7511
31
2167
16432
821
7048
9692
13712
15215
887
4705
8374
5894
5156
3170
8103
11870
13784
14865
12852
13526
8229
9863
8398
8352
7688
1222
7097
8766
14082
9172
12519
544
13474
4651
904
15337
15757
16766
13935
14774
13449
12983
11401
14243
4442
3417
12654
14093
12022
7738
3805
2707
14751
920
10369
1596
15694
351
10451
132
16130
10080
15979
2752
471
8450
8280
16567
16757
3582
10376
11897
7217
9657
11036
14661
6897
10707
2649
16058
11715
4810
3742
13162
14970
14977
908
1305
2955
507
14963
7073
232
5292
8624
16246
11455
2235
11592
15934
2437
10052
6029
5408
6520
13841
1908
9465
3048
15477
6598
16583
6008
13654
320
6252
7513
7689
15211
1687
10151
16833
4017
11008
11757
437
419
15865
16397
9352
6514
16050
3943
217
2340
10970
14485
5192
8742
15444
12741
2250
1713
14707
14930
727
5396
2717
5933
16861
16770
11534
6168
8397
14436
15933
15589
7272
1031
13224
9729
10358
11847
1820
11989
16608
12669
4968
5294
3129
4615
5358
13131
7474
8519
11542
9409
11130
3480
10498
10491
6622
1205
14158
5782
14985
2555
10672
9074
5555
3401
12720
1610
5582
743
7740
7839
6834
6630
12842
14505
16972
7672
3294
2713
4267
2428
29
200
4035
14637
10746
7406
2280
14802
2
2880
10387
7537
9275
997
16535
16019
15942
10307
4102
11848
273
14965
10572
2567
6254
10512
15135
3743
2903
4081
6991
7539
5838
6566
13546
13381
13845
9261
9815
11646
16507
1044
13527
4552
5422
3930
1308
11653
3032
4555
5608
4743
9138
11289
4046
15327
11418
811
15877
3874
5672
2542
14054
12416
7936
15598
4388
16286
15844
2051
10210
4865
6779
2190
13403
5874
9438
2947
9792
10751
4924
8492
3692
2875
8125
15782
2726
13444
12394
13481
6498
11500
1726
13061
8978
6953
16160
12899
6715
13347
2664
7711
4852
9953
7894
4015
9093
12240
2454
4318
6159
14568
8523
12729
14245
3700
16691
10588
2932
11846
13865
7654
10925
7763
5228
1904
15287
5231
11002
9596
16620
15609
2078
15403
12844
8883
8395
11051
13729
1986
12693
7566
16780
12890
796
12031
13391
521
11976
3636
12984
6199
8291
3843
699
6994
8489
13542
12753
7827
5947
3521
8207
10656
5529
16136
13606
86
509
10290
11545
12066
590
5603
6339
3966
8919
9400
14623
8205
4614
15775
12129
7746
14414
15069
8143
6240
9092
4755
11792
13871
7553
9250
6958
13504
7435
2553
1053
13817
5518
7557
10020
194
10556
6818
14480
1476
2590
2347
692
1575
9789
13820
10620
6589
1568
4748
5593
4557
9963
2295
9519
5661
9264
13000
9280
197
1629
13837
14912
4940
6137
5416
6921
14351
4798
6401
10767
9412
3132
4890
14092
12482
3426
12297
14956
2832
9423
14087
11604
1647
2326
406
14932
13394
4375
2074
830
1336
6523
19
4536
1900
5986
12843
2226
12075
10298
3994
9824
14735
5464
16398
866
827
4268
7713
15697
3161
2195
2170
16175
2333
252
3325
6177
5116
5454
3604
3830
11761
6112
12992
3434
4448
105
10517
9073
5360
7457
12804
5786
10435
8045
10794
2211
11
15923
7444
9814
16399
6590
15935
11421
4698
2808
15198
6500
13672
6989
10993
9176
14018
1658
7813
10313
2196
13534
6881
4822
16513
13480
13804
11633
7141
9644
3832
2390
9035
7262
11552
5717
9469
5817
15173
7252
8566
2817
9830
7308
4866
8493
11100
11180
4247
551
12515
15225
14100
909
8107
11269
13888
9950
4391
7565
12801
6646
12735
6583
7032
4462
10494
6936
1413
16321
726
6626
14192
5830
2124
6790
11027
3179
14851
3703
16024
11665
1749
2651
8022
15833
2297
12291
154
9747
16832
3714
15960
12148
15182
11559
12706
36
3845
13331
6572
5871
16688
12052
10900
7123
1192
7185
1578
1795
14405
4025
6015
16904
13780
5213
16349
2464
3076
3085
5255
6475
12166
15754
4371
7882
8423
2294
5668
16600
1811
1342
1706
14777
8598
3011
11949
3459
10942
3686
1980
1588
8872
8032
9859
14935
1594
13122
9753
8011
2797
7520
7781
15261
12023
5731
4283
9734
16087
13433
14872
4919
1365
6251
12649
7823
6014
12427
4330
11543
2116
15928
5114
1334
15144
6130
11090
9571
375
17078
3684
15573
1388
3248
3628
9274
10739
9872
7515
4031
10545
8749
7991
3798
2791
10477
15410
15457
15146
16988
2776
5592
4089
9117
1445
16049
16920
10098
11698
6739
11424
1141
2272
9101
16952
1602
4459
7656
42
3730
6670
12140
1677
3696
782
6905
4677
13946
11926
8490
336
13785
10039
3223
8723
6908
14549
15414
5741
12897
4133
15971
7276
14503
2730
12223
2027
7756
12404
13800
12256
8228
13191
11977
9754
16935
5436
2935
9495
16869
6765
1648
5175
88
15995
817
5511
9562
13275
14203
12383
218
13137
12100
9193
14825
15357
9080
515
9297
7093
10465
15936
12575
14903
10535
6639
3260
3363
6049
16900
15914
14039
5862
965
8223
13509
1925
4454
11146
16066
15951
829
1209
13418
3456
7223
3070
1430
17061
8907
2739
1119
13188
15603
4044
9452
1863
8601
15005
4465
10953
15577
4734
16586
7191
2696
9029
5045
3647
5290
2353
1976
15411
7492
2614
6841
13684
15045
316
6742
13484
2559
16831
16778
2201
8358
15309
10851
14186
12450
5366
7818
13189
15296
7523
2249
3319
12112
6785
7116
11504
4059
9362
14344
11781
14542
171
14105
15709
15493
16465
3165
8707
1678
7809
8251
9067
14178
6918
12777
8865
9809
8341
7840
3514
2530
4124
8583
3978
99
5490
14409
6683
2913
8726
9471
5820
6615
16733
5671
2191
12027
12865
5070
1089
12304
2934
10004
16661
777
5650
14160
64
12387
8918
13467
11558
16598
13158
12837
11164
14785
1911
15587
15509
269
6562
9119
14787
949
14795
3121
4466
7210
1750
16395
5958
1733
14834
1105
13679
8901
9861
11733
4368
3234
12831
4834
4456
7016
14450
17105
13039
264
13428
10903
8821
2105
7800
9240
10036
6824
665
35
202
1236
7288
10819
7458
1566
11482
7033
12370
9670
10840
15336
14278
6197
1609
6882
11491
10839
16347
5791
8499
4257
12530
16247
7864
15392
2357
6307
17071
9468
10007
7562
10319
11472
6888
3169
9773
7885
13941
3810
13110
10699
16641
1500
8822
9061
2597
715
13130
12317
15791
7328
4974
2711
7829
5071
15490
10041
6534
6089
3835
13118
4492
7132
1325
12005
5708
4985
14471
5512
1877
7282
5654
14991
9757
11825
9018
11127
9766
15617
12033
12514
10797
11428
4236
15001
14417
2046
4712
10856
345
2585
13335
5017
3847
2825
16404
5033
4069
7778
10414
9492
6451
8459
15850
16324
7285
5357
15623
14036
15836
8629
861
2944
6172
7302
6494
2328
2478
5471
1076
13080
4450
8838
14043
5756
12594
5939
3535
7451
7162
10433
9762
801
10048
16109
12316
8348
7614
9355
16028
10203
6146
637
1711
6894
15377
9132
784
4892
3103
1092
5341
13611
7287
2574
11614
3237
4731
5058
9545
3470
7483
933
13252
4295
14868
4030
12624
4279
52
14951
7478
14634
4783
12585
10393
12303
13676
9177
12740
15422
5547
1229
1665
8859
11755
185
16682
6769
5010
430
12978
1766
12145
16053
10592
16034
15184
4920
5638
479
15568
5458
15613
499
12970
7341
281
9335
13701
1850
14815
4264
5432
8868
9244
6649
8007
2324
4746
9069
3444
10488
16298
13416
11933
6919
1992
9289
15268
1521
2254
10886
6746
3092
7487
6827
13696
10449
1664
10381
2681
15040
4989
6438
12652
7657
9919
3921
14874
1502
1738
12762
10565
8472
3900
9324
10579
16167
15176
14138
4309
12123
769
8199
11227
457
13878
7760
1217
6366
4086
93
5499
14078
15959
2609
2736
12565
12839
5048
8836
5985
8903
8758
10810
16224
9399
13470
14028
8362
16107
5610
16205
12351
12368
10159
9818
680
7206
1432
10306
15394
15186
166
11875
616
8561
15162
9802
5666
12204
6997
8446
11139
8226
483
15671
5623
13725
17023
9647
11464
11873
1778
294
1680
10815
12862
5059
16927
7469
1415
10169
979
4136
95
16746
13088
1242
3787
13522
12405
1806
12108
8644
14510
7178
2206
4160
1206
12364
3878
4641
7029
13623
8132
7749
3953
13581
3385
4128
2461
14584
8858
6265
6136
12076
12616
12508
13608
5845
6798
5032
15339
1058
13411
3374
11301
85
550
6318
1922
663
3873
3505
15153
2644
6955
3894
3728
2908
32
11890
14712
11988
2619
16774
10567
6341
13008
3620
12916
3954
11957
919
12553
1147
15013
11489
14555
1552
12545
6081
5681
4696
10330
12891
6442
6604
8096
16021
8406
15621
3074
4603
13094
530
16408
8379
13638
16068
898
4666
1271
16493
12362
2336
8276
4573
4186
1332
7842
9013
11365
322
11115
5917
13478
7866
8975
4142
15887
13990
1803
8784
1474
13270
308
4525
1926
16550
14072
11441
2886
9083
16874
12855
6370
15384
3461
16685
2616
13759
7480
10884
11442
12280
10546
16723
3773
2669
15968
2721
16057
16422
2276
13882
13536
1393
2851
8593
11753
246
2497
3338
14853
7183
15036
14887
14150
11102
12557
2068
13806
10021
7059
14378
12063
15260
10887
14845
3887
1228
16705
5923
10923
15954
3496
12231
9235
7970
12494
14878
10792
11330
2705
14446
15721
11639
2557
2841
5716
7221
6986
6843
439
10241
8704
12617
10968
7412
489
15750
10408
9969
7051
15735
15086
7024
971
1753
14723
12377
3939
3252
5474
13377
9048
14939
7275
7220
12914
9959
6663
5843
8197
517
9517
1189
127
12180
8962
6405
6542
16026
5379
15427
4364
447
10128
15866
13927
1345
135
2820
3178
7550
2148
12743
3400
16271
11652
15579
14017
10421
2466
15484
7381
15307
10569
9322
2682
2606
10507
15391
13653
15466
911
12324
5387
15953
1457
2130
6862
9900
9062
5215
13440
5974
5766
1139
3004
9538
4220
638
14616
2414
14164
5875
11923
14832
13885
6755
10568
5663
1368
8004
1967
7470
3643
5539
4556
11914
14601
9466
10201
2322
10202
17033
10046
13291
5976
15335
363
1067
1329
12703
795
16821
2228
6580
7165
4195
14376
12657
9845
1087
4057
7538
3284
3384
1379
961
16633
7766
9041
14889
13185
13183
5276
5335
15201
16675
7415
15855
9612
12923
7358
5645
1802
12488
15070
8986
16941
9152
7853
9720
3450
1832
8221
11505
8415
2344
9813
8383
15616
12815
3644
4410
3371
1579
13923
4647
5333
2945
10741
16788
16581
17060
966
16261
3093
14658
9157
11203
9481
2834
3063
49
6706
5412
13156
4005
1693
11151
6312
9663
6249
9841
2400
6571
5202
310
12721
14353
8933
7333
7907
2659
3449
17096
11510
12749
755
9030
7776
8750
6502
16734
8328
6705
14557
7762
10623
6708
2899
1813
4401
9421
11741
9279
3820
10761
2120
4951
2179
13466
2035
4570
538
9674
6095
11453
9128
9721
11279
6296
5542
9837
10918
14633
1634
11307
10583
16666
3055
159
8965
8813
11815
5566
14713
11991
1135
14565
9600
12061
7530
3890
4883
1178
6718
1307
9002
7071
8292
7391
16453
6530
9769
9810
593
12155
6940
14435
7491
16817
6559
7816
10615
7571
8382
15817
12568
13862
8130
14862
6962
463
11311
11440
11477
9075
1874
3240
12870
3518
2943
8589
13660
4343
314
1723
13068
4212
8498
2379
5653
14279
14238
7263
5891
10469
12462
5203
5144
9134
758
10480
6453
14642
4870
5138
5240
7143
2208
10152
6839
1940
5642
12397
6552
13149
13081
2091
6396
7918
12848
15399
15811
15678
16561
5188
4235
5486
14530
1068
1100
2990
14983
2803
16651
3230
15204
8614
12446
14276
15504
13549
3309
9748
8517
5536
16250
15909
11015
13266
11106
10927
6279
12973
6969
5475
9242
5675
2710
3632
16263
12529
13458
3653
14306
9706
11506
13778
11184
11750
14748
617
15648
567
2021
1452
14893
211
14172
5000
7783
11589
14847
4134
17057
16528
12122
12725
6455
2638
15421
6167
4485
3555
6664
13558
16807
7509
2750
13175
16412
15899
13382
5769
14899
15206
11963
12783
2143
9489
1359
14084
1591
326
2048
5961
881
14944
4601
8516
403
10416
17059
3421
7283
8029
3568
65
6729
11636
10025
4602
15768
9217
16955
5987
11670
13044
15631
13027
15104
4439
7715
13487
7630
5532
10485
15378
8628
136
15037
13072
431
13859
6735
9661
10888
8050
11056
5180
13367
8719
13939
5590
8101
7622
11374
10693
5757
12998
8985
12211
16206
15834
5383
9072
432
4566
3089
2976
9350
11974
14943
9635
10337
11579
12347
4589
9783
13181
7619
12030
1889
3022
14086
5264
7388
4068
8201
8674
6487
3755
9136
14990
3996
15034
10100
15572
7312
15282
16506
9594
11493
401
2321
15169
15966
14931
16210
14046
8065
7148
976
3349
16965
6421
13006
4948
11927
5676
16091
14179
13412
12699
1498
1218
13835
4764
1298
6935
10109
8298
1165
2811
10846
3925
16829
14672
3543
383
13129
13165
15485
2483
13560
16061
2168
6080
4323
2371
2508
2836
5762
9700
6826
6446
2345
12694
12580
7937
15172
11801
12463
11104
4224
4244
9972
15778
592
4548
11089
9215
7519
5833
8085
2030
9906
10757
11516
12768
8881
3476
13774
2359
2152
14413
12887
15438
13902
11857
8826
17085
8712
11136
13669
9691
329
10913
718
15353
5247
7240
15456
9979
8775
15967
373
16709
16106
14185
3347
16375
4298
6035
8923
303
10175
1200
1598
2266
750
10131
7027
13695
16264
14905
7375
12928
14674
13150
2807
12277
7961
8529
14494
3959
13227
5037
15495
2871
9895
1431
9123
14741
9425
15990
14442
8910
5745
1037
525
5526
10190
10665
6501
16426
11663
569
11459
14029
2667
11736
6235
1080
10619
5480
2861
3267
12084
5869
16853
13242
707
8400
11851
6644
9354
11560
9951
5087
2629
13250
4111
1722
16249
4627
3340
15492
17025
14682
14779
14189
10999
17067
10836
12169
16069
13180
15530
6444
13496
15128
2922
8970
1374
10255
13740
5136
10955
15515
6117
12742
13276
656
332
10135
8353
4658
2339
7554
15890
14988
11772
9389
70
1382
6371
3007
8256
7956
9828
5274
8457
9669
1367
4942
3818
16143
10077
14463
4511
13392
14628
6122
1107
16851
7122
4302
10150
15041
7584
1600
2154
1715
14620
3158
7549
15023
989
1422
11193
8480
7838
15273
10666
10417
4278
13211
2259
13530
13797
4728
13136
13999
6856
9512
12091
1800
4616
6519
836
11157
10180
13139
16794
15938
4168
6114
14052
9800
11797
15624
12036
4514
12554
11192
11939
6509
17035
3323
13155
15228
1972
13776
1014
7621
2310
318
4501
6298
8005
13609
7080
4011
9629
1659
14128
14524
5564
3094
10811
9658
8686
9171
14500
3262
11391
3655
7390
1814
10105
7971
12909
2596
267
3213
6789
6696
6337
732
1929
8287
7833
604
6299
9475
16306
12309
12701
13160
7099
16117
8329
14264
11351
9617
13580
8239
11341
13969
5310
6995
10542
9928
1381
10464
1671
14529
9165
16802
7489
2761
7588
16441
3967
10125
5751
466
7219
4436
16323
16267
14313
9583
5351
16379
13998
12381
7965
16973
9156
5889
5585
5857
3396
3199
2665
16687
14532
14999
6178
422
12972
13564
15693
321
7160
8020
16243
11876
6507
6138
739
11723
12818
11194
15194
13942
4297
15772
12101
8896
7247
3356
9060
2812
14837
5428
6738
11764
9449
15873
3899
2718
4131
17049
13649
8368
2968
4203
14425
11058
3694
128
16163
6158
6525
340
14618
12163
17106
12683
5632
8747
14964
11218
11513
2639
1442
6737
6544
11932
125
13167
2292
14534
15798
1211
9020
4981
14249
13280
4378
10285
1173
11074
5243
16597
6031
15664
16509
4733
2436
12285
8646
522
2794
7201
15742
9306
12053
11682
5785
16313
896
14071
441
973
3516
8969
7448
12836
11386
12226
7602
14157
11951
5320
4132
7748
14804
3738
11784
16454
5283
2194
5772
10800
2961
5963
6171
11713
8571
12207
13697
15805
10771
6497
649
3774
13127
5174
1638
3591
16798
12369
16669
14274
14695
13202
14113
818
14706
83
5669
7912
10199
15116
13519
14187
16643
4007
13703
7616
13426
10644
10015
5152
11252
15101
468
10119
8384
11841
7821
543
8977
5788
16501
3281
6430
10253
15803
5429
1704
8141
3147
10537
4771
3952
3489
579
15300
2423
8541
15321
14717
16888
1492
3926
6084
15152
3587
6941
14780
7166
942
1315
8930
4372
15690
4197
9507
13744
15737
9929
5899
3622
6911
14710
5368
14799
2749
5090
1019
11096
10347
2561
7289
8017
388
7978
6896
13931
9727
2901
10047
4418
4714
4385
8424
8929
11143
5733
12320
10062
1360
13062
9908
13278
10200
5822
8308
8776
520
15984
619
5995
11149
3429
4467
13513
2869
2265
8209
9879
7587
4381
15312
8820
13613
11900
11591
14961
3722
13078
9705
3127
10772
14315
13146
16870
3397
4760
11314
8736
9385
1030
6643
13346
615
3819
15050
578
5031
349
10461
5784
5381
9496
875
12893
6690
14598
6933
4871
9113
259
10705
11718
4098
2325
5063
7486
2094
12147
14406
13368
1529
10186
9975
9243
14177
2101
12376
2534
7256
9254
5196
4162
9416
3280
9918
3432
12943
7477
6582
7446
12233
15030
13597
14235
11059
122
12326
16772
5081
9509
6402
641
7874
13922
3148
1281
2261
4789
4351
7420
9634
2111
2963
3829
15780
4271
9946
7231
7438
13029
9515
14563
953
5680
1081
9237
1124
15085
15622
2404
12962
6821
10113
8351
4093
6870
1314
16969
12070
15244
8924
15629
10009
6399
5420
1016
10279
13021
4986
9349
2026
1247
11067
10889
7966
1253
6515
12995
6283
3640
2673
11400
9227
12413
12663
6887
1550
15776
5336
1985
16959
8325
7773
16866
14281
9312
2494
1156
11278
5776
12987
6452
14969
13296
3483
5328
4125
8581
8179
10074
4179
2743
11656
6123
9364
10291
6545
3015
8139
9831
13573
7424
9207
14604
8461
10439
12414
559
3523
607
7560
2166
15453
7006
9058
3037
8313
1172
3795
15262
11929
1231
6165
10475
92
779
13525
10648
13187
1170
10269
10527
6463
10504
12538
11931
8485
9703
5404
3922
9179
6965
7852
10898
5777
15895
14724
8047
8153
5805
6563
3414
16634
10176
15861
4000
2856
10679
4577
5184
10104
3451
14826
14399
11085
5904
13469
7339
14569
14449
13918
407
1710
12513
10084
7023
1612
5491
3659
824
284
5384
13292
11470
1041
8240
4912
15743
13699
6780
6558
13450
10958
4041
8120
3897
10315
12495
9763
3104
4888
6731
9456
8767
576
5629
5337
16255
15232
12904
4424
1714
6587
2072
9497
12407
8396
2957
12874
1616
14373
11055
4034
6359
4806
13324
4417
7574
10948
6183
5879
10548
15202
3561
14540
9724
14360
7430
3225
16288
3912
5035
3295
15373
8122
4648
5413
533
9118
10597
13173
399
2456
12562
11217
2724
6917
13413
11272
11858
6758
1015
3418
2296
15581
8369
16389
7427
6956
11395
9967
16310
4423
364
14068
15372
618
15059
12945
12190
814
11620
2090
8539
3495
5583
7646
1408
15993
15095
9737
15711
2247
11820
15014
11195
16657
9561
6150
10858
11355
461
8846
7019
7471
7555
16476
2462
1185
3562
4349
3956
12449
1129
249
11266
12601
2303
15898
7610
6655
10857
10938
3711
16580
9079
9088
3633
97
11031
7790
885
2155
11844
8393
1350
15569
15952
13414
9384
9910
3359
9071
11566
13727
12773
11600
4377
1735
17007
12763
4402
11092
16455
8286
9991
7948
4560
16828
16227
4447
16414
6599
3110
3934
9525
5321
4549
12707
3174
10040
1113
2496
2486
13568
10258
8845
14894
5414
12954
15670
8497
526
12817
15926
10157
16655
5088
3804
1938
11094
2300
2714
16172
5655
10727
4380
15931
10820
4520
10514
5041
14196
13263
10093
14259
15640
10682
14705
7701
13768
11053
11292
9036
9345
7662
14667
16030
12502
16165
12158
6173
8622
2855
1569
3844
2241
1746
8677
15610
14610
12996
14270
274
8724
8326
16189
8488
2946
8632
11789
10349
250
14694
5101
3772
210
5265
1760
5919
4319
11532
10760
9268
14171
8468
13384
6466
1507
7847
3326
1637
14488
5099
6046
11410
5224
10182
2991
7805
3109
11334
14088
5407
3886
13471
15941
15346
8056
11613
4028
5972
6387
2973
10920
14019
12879
12201
9338
9708
181
1692
8452
5339
6800
9668
10599
12497
4071
6190
11833
10722
1589
13090
11691
12766
8921
12717
12760
5748
5324
9782
12949
2987
11259
12939
6734
8033
2573
1917
955
11354
12385
8793
4816
14308
6278
659
6609
13053
366
554
9162
6022
4937
8164
3609
5508
10538
3839
12946
10573
5199
4416
2835
5166
1291
15066
13111
10806
13473
17086
9604
12440
9211
15814
8699
16262
16040
3318
3867
14224
4559
5406
224
10272
2692
2547
6784
2316
7441
13451
15652
12834
1417
2520
14823
3746
16225
5194
11938
9405
3173
552
10735
11533
1501
4730
11173
2013
2540
63
14122
9679
11919
1348
17075
2683
16777
17031
9521
4205
1789
1549
11669
14127
15319
6689
2528
15544
13464
10907
10500
10863
15720
5027
14026
6849
9541
15632
9503
1347
6803
3320
15340
11447
9811
809
4325
5677
11125
1824
1137
11406
7104
6574
14800
6290
3481
15482
4598
10155
16639
8265
12339
3726
1449
14738
16433
13707
5687
12441
10785
1274
13587
12217
8261
12653
16986
9022
7473
15630
4936
6116
10676
3837
17011
5064
13417
6124
6605
10479
14061
1419
10079
14608
6713
1088
14377
6652
3824
14812
11995
6309
5165
3183
10230
13795
57
16480
10926
13017
8670
5317
73
2502
4606
8863
11382
6763
12696
2599
9500
6247
6328
8249
14009
2965
1520
12373
5599
7215
14034
4523
9807
15746
1257
14957
3802
12955
1149
6086
6698
9078
5244
11403
9526
12476
2980
9461
816
14737
12579
6457
6677
16693
16413
14588
799
4839
3221
12236
7725
10802
571
15785
12885
8269
16679
6927
4756
402
8019
8018
2892
13093
8438
16457
870
6650
7158
9339
13366
1865
3914
11209
6471
16650
5768
9206
15055
5415
4183
5260
4263
3274
5331
15149
1322
3413
14242
10257
7620
8950
2271
10753
5093
12590
1673
12117
11783
15512
15685
13032
11495
54
4930
11205
15097
3303
1128
3251
12977
10011
10787
14506
9985
2884
9944
15769
11449
6621
16266
3124
5050
10992
9623
6756
5334
8052
13306
11071
3502
4934
7018
2992
6996
4571
10050
11714
5385
6900
7707
11721
11769
4621
12439
5487
5462
1965
10141
7318
11901
788
7717
1093
13022
14015
16616
10637
6064
16065
1199
12926
2584
3492
6351
10402
8627
8705
3010
15015
10325
11561
8381
15062
8294
10660
13833
3039
10030
15585
9089
4293
4438
2549
15129
9358
2424
14000
12423
14106
13424
491
6215
4629
1884
15460
10014
2157
16382
4213
8857
9047
12118
7857
3008
4042
6585
9662
15751
6357
2314
700
7314
13552
3992
14481
11451
2505
6581
5369
11159
14393
7360
4645
3866
16448
14953
12738
11454
14523
10031
7564
7226
13274
13073
4386
8832
2788
9375
15812
12674
2878
5273
11727
8770
8594
15311
8898
5560
6591
13906
10933
4873
16187
1977
676
1620
14926
7930
17001
6820
15051
6592
4655
11915
3167
15126
7014
7576
5795
4322
14206
11886
9015
15792
2270
8636
11496
17084
3735
16836
4077
16949
12895
16006
13352
13852
8051
16072
1583
16429
11362
68
3026
5139
7499
14910
4029
9137
3047
6815
658
5754
492
897
11485
12606
14402
6157
2136
4874
315
11680
16558
1899
11052
9241
15435
1106
8190
1151
3140
2767
16010
12259
11427
8922
9999
11389
1745
10823
10167
10801
16477
645
390
5217
762
323
14385
15513
15247
3198
562
10442
5926
9983
9485
5386
9269
16611
10304
7744
842
7268
16975
10649
2915
10191
7640
3067
5544
4176
13215
3231
2894
14467
2279
15789
16461
16849
10859
12930
8695
4547
2061
12208
11775
16362
8477
15919
3020
11043
16905
4685
12941
7498
2291
6860
10744
11499
17039
12374
16481
7482
11879
14573
14168
3342
15436
1897
2970
3332
4600
11387
12470
1876
4768
13106
10701
2887
11865
16112
11883
1987
8554
16728
10677
13030
8027
10044
15656
6832
7559
3842
13355
5230
15606
9819
14346
9034
15699
16644
9066
14784
14587
11283
15874
7445
14733
5641
8894
11257
13673
14012
16239
8952
14740
13468
2816
15358
11420
425
14147
9393
1154
5448
1130
9371
6295
2556
1772
15870
12840
4736
8366
1626
7113
12270
4317
1395
12210
8833
14042
106
5496
7655
8080
1237
11787
5252
626
5721
16104
6264
15147
1251
15590
16402
13107
2796
16819
13430
13399
1804
5656
8224
6317
14895
9855
12435
7300
14422
8378
2799
6118
6719
9853
9260
15601
3364
8172
6482
7399
142
2882
12054
5306
16862
387
1062
1698
10471
14828
2335
8473
4909
13200
561
6248
5370
3641
4915
1056
16079
9973
12146
4315
2919
1618
180
15885
9049
13667
12071
10458
16549
4674
6517
11073
16950
16749
16230
8792
3009
16782
2311
3097
3907
16147
11547
3947
6330
9683
1372
9606
12932
8564
17029
4157
378
634
11012
16148
2895
1383
15722
16000
4722
9707
12704
353
10550
10703
13438
13152
1023
1878
11197
4842
1536
3765
17099
14430
3960
5809
12629
10065
1300
3389
11475
2860
5861
5300
5523
1176
573
5449
11004
12803
4217
15316
3242
8715
14759
708
12418
9547
7184
8360
17087
5040
2954
4358
11332
7518
4761
9448
6675
15338
1957
10368
4483
6194
7548
15560
14925
12938
14219
10334
10447
5896
3511
5620
12990
1145
4508
5892
646
12726
3159
4444
11107
4781
10996
6866
7691
2475
14546
10005
12046
1724
4512
6613
9796
12714
16348
1387
8684
10714
16094
5028
11010
7326
8200
14778
6368
15491
8003
4170
2650
13614
3677
15048
6697
13700
15950
11642
7995
11288
4397
10990
11863
16708
11966
12350
13342
10310
16407
7393
2904
2242
7054
11308
6395
13813
8149
13295
16786
5092
13184
4585
3682
8147
8310
10196
3416
903
5484
13628
1927
7577
1641
4533
15163
3424
13389
7984
15348
4165
143
13874
16557
1201
4126
12307
11894
10713
11433
13359
14328
10513
16572
470
14659
16270
1063
12113
9574
14622
16215
13937
4565
11360
4640
8349
10808
7798
3827
14572
4099
2737
9310
4961
13329
2917
8475
6218
365
9639
13210
6813
4472
16893
2384
10280
1007
6443
11807
9337
66
10687
2635
16961
13604
2655
14201
11340
4199
14248
3046
13829
8637
585
6511
10242
13385
8667
7408
1734
7517
5250
15113
14254
9746
16031
9014
15790
4971
5618
3520
173
15276
13594
713
16133
748
2907
3571
4463
2278
11689
16359
775
11350
16980
11114
4122
14284
2874
9540
7337
14765
5495
4019
14280
8067
3394
14220
15830
1423
3002
9420
8772
4941
9857
15333
8159
714
10941
4879
8660
1451
793
7901
15996
4437
15382
5132
2966
8717
8545
7149
4710
5212
15558
12809
12531
14069
7994
2523
307
5624
5657
16268
15879
1880
4579
5780
10118
15911
1885
10324
5046
16410
209
6132
7629
6913
7227
10244
7164
2003
15738
3191
9334
6992
3549
1047
7679
12
4999
4668
2304
4887
635
4899
12675
9844
1833
7583
6241
15216
14702
8911
3033
253
11549
8680
5732
5200
7942
1412
11616
4158
4673
9010
1202
15302
5682
15857
3305
9821
9259
15043
6403
11661
12658
10766
9595
2422
5268
3551
15192
15083
1994
13076
5640
6807
4966
13239
16035
7485
9735
9055
3612
13985
3215
9258
10669
10521
15304
10278
236
13083
8785
1346
17046
11065
10796
8203
270
1303
10054
9576
2921
12925
14518
841
10508
1302
8290
14501
6400
4053
15557
16982
10989
3335
1114
4396
1633
1464
16287
16901
5612
3681
14513
15044
6176
11817
4066
7359
2007
11488
9285
27
13910
8220
1057
14922
682
8935
15525
9099
3768
1061
6990
13354
14364
1906
1528
15434
13332
8284
8234
16800
12040
2273
3256
14678
8876
16350
1902
10126
2867
14239
2865
10505
8560
7702
11641
11887
14831
7011
15396
4926
14754
6468
3154
1280
760
16588
4307
14917
5505
290
15602
2045
752
15692
15284
12512
4321
15342
15917
6550
14675
16367
9313
7013
16406
6699
17041
4618
13499
13965
11701
10540
14817
4339
7076
11378
14745
16848
591
15131
12808
5989
7187
10198
8652
7198
4422
4254
16333
524
8253
5374
477
7643
8036
4159
7404
3969
7684
368
16257
4350
16123
16054
13445
12357
5222
11571
11650
10264
15058
1060
2471
1497
8191
2586
10576
1169
6981
16514
855
13953
10833
12038
1289
11674
6358
2217
12173
5882
1752
6773
14781
9546
16198
10977
12845
15554
14465
16930
11944
6462
15523
4699
8948
1177
10221
12734
11371
10195
9401
2754
16081
6085
12537
12472
15151
14760
12235
6033
2187
16913
14940
16499
763
8709
13913
11705
3373
6075
15388
11704
3105
6065
12670
3550
15004
3453
7383
8447
11758
1118
11804
1791
3984
10415
6145
13971
7953
10094
11436
10618
11358
9924
548
11672
5261
11947
16088
3375
2306
6092
14288
16865
3028
13915
14632
2952
11573
956
8927
595
12805
14934
12382
12120
5278
7279
11298
11747
8439
8809
2354
1901
427
1783
13617
2773
6336
6404
13634
12700
8046
10769
9363
13223
14958
11170
3536
10841
13603
826
3522
1941
12794
14855
5398
7295
1084
13767
1886
7653
7527
16219
1617
12484
10734
13442
2678
9597
13787
9874
15753
8744
5988
2881
296
16997
6909
11861
11811
5390
15963
3716
13816
12532
7105
3297
16753
3186
16826
16354
1685
3498
1428
8089
828
4750
3727
16436
13981
14146
15199
5521
16074
3151
13621
6101
3875
13854
12230
15518
11818
8371
15447
12997
111
13524
3333
15499
3506
14797
16850
16355
443
2186
5316
7888
12676
8754
1482
9671
2274
15837
12573
12857
5831
1836
5084
9284
5562
12540
14577
6723
1894
1684
11017
15289
9565
4316
2756
10768
16621
2258
1945
5587
12838
9318
8466
3813
3688
7407
8140
5740
5909
12539
6260
1256
16706
14257
14614
7716
15033
8464
15142
10893
141
7983
13128
13229
3906
529
242
6938
16020
757
2485
2431
14857
15483
5263
16931
6579
15125
1812
5197
9065
2657
7299
4652
6076
2381
4843
5121
4018
12791
12730
1161
4432
16299
8078
10502
2409
41
16895
1544
2845
11730
5001
14474
16171
539
14025
934
7601
14638
12712
15076
7729
13178
5770
8818
15175
12967
4983
15351
2426
6977
241
5813
6532
11069
16067
13572
1758
1786
8479
10914
16317
16542
2759
1479
11062
3422
15838
9965
15647
10049
1834
13909
10002
16099
11728
1573
1611
14309
14412
16251
8814
15185
12620
4328
9023
15467
2212
4486
2469
9825
11934
6766
9801
10409
9343
11035
14044
98
6959